(kicad_pcb (version 20171130) (host pcbnew "(5.0.1)-4")

  (general
    (thickness 1.6)
    (drawings 7)
    (tracks 38)
    (zones 0)
    (modules 12)
    (nets 4)
  )

  (page A4)
  (layers
    (0 F.Cu signal)
    (31 B.Cu signal)
    (32 B.Adhes user)
    (33 F.Adhes user)
    (34 B.Paste user)
    (35 F.Paste user)
    (36 B.SilkS user)
    (37 F.SilkS user)
    (38 B.Mask user)
    (39 F.Mask user)
    (40 Dwgs.User user)
    (41 Cmts.User user)
    (42 Eco1.User user)
    (43 Eco2.User user)
    (44 Edge.Cuts user)
    (45 Margin user)
    (46 B.CrtYd user)
    (47 F.CrtYd user)
    (48 B.Fab user)
    (49 F.Fab user)
  )

  (setup
    (last_trace_width 0.25)
    (trace_clearance 0.2)
    (zone_clearance 0.508)
    (zone_45_only no)
    (trace_min 0.2)
    (segment_width 0.2)
    (edge_width 0.15)
    (via_size 0.8)
    (via_drill 0.4)
    (via_min_size 0.4)
    (via_min_drill 0.3)
    (uvia_size 0.3)
    (uvia_drill 0.1)
    (uvias_allowed no)
    (uvia_min_size 0.2)
    (uvia_min_drill 0.1)
    (pcb_text_width 0.3)
    (pcb_text_size 1.5 1.5)
    (mod_edge_width 0.15)
    (mod_text_size 1 1)
    (mod_text_width 0.15)
    (pad_size 1.524 1.524)
    (pad_drill 0.762)
    (pad_to_mask_clearance 0.051)
    (solder_mask_min_width 0.25)
    (aux_axis_origin 0 0)
    (visible_elements 7FFFFFFF)
    (pcbplotparams
      (layerselection 0x010fc_ffffffff)
      (usegerberextensions false)
      (usegerberattributes false)
      (usegerberadvancedattributes false)
      (creategerberjobfile false)
      (excludeedgelayer true)
      (linewidth 0.100000)
      (plotframeref false)
      (viasonmask false)
      (mode 1)
      (useauxorigin false)
      (hpglpennumber 1)
      (hpglpenspeed 20)
      (hpglpendiameter 15.000000)
      (psnegative false)
      (psa4output false)
      (plotreference true)
      (plotvalue true)
      (plotinvisibletext false)
      (padsonsilk false)
      (subtractmaskfromsilk false)
      (outputformat 1)
      (mirror false)
      (drillshape 1)
      (scaleselection 1)
      (outputdirectory ""))
  )

  (net 0 "")
  (net 1 GND)
  (net 2 "Net-(D0-Pad2)")
  (net 3 "Net-(BT0-Pad1)")

  (net_class Default "This is the default net class."
    (clearance 0.2)
    (trace_width 0.25)
    (via_dia 0.8)
    (via_drill 0.4)
    (uvia_dia 0.3)
    (uvia_drill 0.1)
    (add_net GND)
    (add_net "Net-(BT0-Pad1)")
    (add_net "Net-(D0-Pad2)")
  )

  (module LED_THT:LED_D5.0mm_FlatTop (layer F.Cu) (tedit 5880A862) (tstamp 5C234AB2)
    (at 192.659 99.3775)
    (descr "LED, Round, FlatTop, diameter 5.0mm, 2 pins, http://www.kingbright.com/attachments/file/psearch/000/00/00/L-483GDT(Ver.15B).pdf")
    (tags "LED Round FlatTop diameter 5.0mm 2 pins")
    (path /5C0A12D7)
    (fp_text reference D7 (at 1.4605 2.6035) (layer B.SilkS)
      (effects (font (size 1 1) (thickness 0.15)) (justify mirror))
    )
    (fp_text value LED (at 1.27 4.01) (layer F.Fab)
      (effects (font (size 1 1) (thickness 0.15)))
    )
    (fp_arc (start 1.27 0) (end -1.23 -1.566046) (angle 295.9) (layer F.Fab) (width 0.1))
    (fp_arc (start 1.27 0) (end -1.29 -1.639512) (angle 147.4) (layer F.SilkS) (width 0.12))
    (fp_arc (start 1.27 0) (end -1.29 1.639512) (angle -147.4) (layer F.SilkS) (width 0.12))
    (fp_circle (center 1.27 0) (end 3.77 0) (layer F.Fab) (width 0.1))
    (fp_circle (center 1.27 0) (end 3.77 0) (layer F.SilkS) (width 0.12))
    (fp_line (start -1.23 -1.566046) (end -1.23 1.566046) (layer F.Fab) (width 0.1))
    (fp_line (start -1.29 -1.64) (end -1.29 1.64) (layer F.SilkS) (width 0.12))
    (fp_line (start -2 -3.3) (end -2 3.3) (layer F.CrtYd) (width 0.05))
    (fp_line (start -2 3.3) (end 4.55 3.3) (layer F.CrtYd) (width 0.05))
    (fp_line (start 4.55 3.3) (end 4.55 -3.3) (layer F.CrtYd) (width 0.05))
    (fp_line (start 4.55 -3.3) (end -2 -3.3) (layer F.CrtYd) (width 0.05))
    (pad 1 thru_hole rect (at 0 0) (size 1.8 1.8) (drill 0.9) (layers *.Cu *.Mask)
      (net 1 GND))
    (pad 2 thru_hole circle (at 2.54 0) (size 1.8 1.8) (drill 0.9) (layers *.Cu *.Mask)
      (net 2 "Net-(D0-Pad2)"))
    (model ${KISYS3DMOD}/LED_THT.3dshapes/LED_D5.0mm_FlatTop.wrl
      (at (xyz 0 0 0))
      (scale (xyz 1 1 1))
      (rotate (xyz 0 0 0))
    )
  )

  (module Battery:BatteryHolder_Keystone_3000_1x12mm (layer B.Cu) (tedit 58972371) (tstamp 5C233D8F)
    (at 198.6915 99.8855 250)
    (descr http://www.keyelco.com/product-pdf.cfm?p=777)
    (tags "Keystone type 3000 coin cell retainer")
    (path /5C09F775)
    (attr smd)
    (fp_text reference BT0 (at -2.32035 5.507233 70) (layer B.SilkS)
      (effects (font (size 1 1) (thickness 0.15)) (justify mirror))
    )
    (fp_text value Battery_Cell (at 0 -7.5 250) (layer B.Fab)
      (effects (font (size 1 1) (thickness 0.15)) (justify mirror))
    )
    (fp_text user %R (at 0 0 250) (layer B.Fab)
      (effects (font (size 1 1) (thickness 0.15)) (justify mirror))
    )
    (fp_arc (start 0 0) (end 0 -6.75) (angle -36.6) (layer B.CrtYd) (width 0.05))
    (fp_arc (start 0.11 -9.15) (end 4.22 -5.65) (angle 3.1) (layer B.CrtYd) (width 0.05))
    (fp_arc (start 0.11 -9.15) (end -4.22 -5.65) (angle -3.1) (layer B.CrtYd) (width 0.05))
    (fp_arc (start 0 0) (end 0 -6.75) (angle 36.6) (layer B.CrtYd) (width 0.05))
    (fp_arc (start 5.25 -4.1) (end 5.3 -6.1) (angle 90) (layer B.CrtYd) (width 0.05))
    (fp_arc (start 5.29 -4.6) (end 4.22 -5.65) (angle 54.1) (layer B.CrtYd) (width 0.05))
    (fp_arc (start -5.29 -4.6) (end -4.22 -5.65) (angle -54.1) (layer B.CrtYd) (width 0.05))
    (fp_circle (center 0 0) (end 0 -6.25) (layer Dwgs.User) (width 0.15))
    (fp_arc (start 5.29 -4.6) (end 4.5 -5.2) (angle 60) (layer B.SilkS) (width 0.12))
    (fp_arc (start -5.29 -4.6) (end -4.5 -5.2) (angle -60) (layer B.SilkS) (width 0.12))
    (fp_arc (start 0 -8.9) (end -4.5 -5.2) (angle -101) (layer B.SilkS) (width 0.12))
    (fp_arc (start 5.29 -4.6) (end 4.6 -5.1) (angle 60) (layer B.Fab) (width 0.1))
    (fp_arc (start -5.29 -4.6) (end -4.6 -5.1) (angle -60) (layer B.Fab) (width 0.1))
    (fp_arc (start 0 -8.9) (end -4.6 -5.1) (angle -101) (layer B.Fab) (width 0.1))
    (fp_arc (start -5.25 -4.1) (end -5.3 -6.1) (angle -90) (layer B.CrtYd) (width 0.05))
    (fp_arc (start 5.25 -4.1) (end 5.3 -5.6) (angle 90) (layer B.SilkS) (width 0.12))
    (fp_arc (start -5.25 -4.1) (end -5.3 -5.6) (angle -90) (layer B.SilkS) (width 0.12))
    (fp_line (start -7.25 -2.15) (end -7.25 -4.1) (layer B.CrtYd) (width 0.05))
    (fp_line (start 7.25 -2.15) (end 7.25 -4.1) (layer B.CrtYd) (width 0.05))
    (fp_line (start 6.75 -2) (end 6.75 -4.1) (layer B.SilkS) (width 0.12))
    (fp_line (start -6.75 -2) (end -6.75 -4.1) (layer B.SilkS) (width 0.12))
    (fp_arc (start 5.25 -4.1) (end 5.3 -5.45) (angle 90) (layer B.Fab) (width 0.1))
    (fp_line (start 7.25 2.15) (end 7.25 3.8) (layer B.CrtYd) (width 0.05))
    (fp_line (start 7.25 3.8) (end 4.65 6.4) (layer B.CrtYd) (width 0.05))
    (fp_line (start 4.65 6.4) (end 4.65 7.35) (layer B.CrtYd) (width 0.05))
    (fp_line (start -4.65 7.35) (end 4.65 7.35) (layer B.CrtYd) (width 0.05))
    (fp_line (start -4.65 6.4) (end -4.65 7.35) (layer B.CrtYd) (width 0.05))
    (fp_line (start -7.25 3.8) (end -4.65 6.4) (layer B.CrtYd) (width 0.05))
    (fp_line (start -7.25 2.15) (end -7.25 3.8) (layer B.CrtYd) (width 0.05))
    (fp_line (start -6.75 2) (end -6.75 3.45) (layer B.SilkS) (width 0.12))
    (fp_line (start -6.75 3.45) (end -4.15 6.05) (layer B.SilkS) (width 0.12))
    (fp_line (start -4.15 6.05) (end -4.15 6.85) (layer B.SilkS) (width 0.12))
    (fp_line (start -4.15 6.85) (end 4.15 6.85) (layer B.SilkS) (width 0.12))
    (fp_line (start 4.15 6.85) (end 4.15 6.05) (layer B.SilkS) (width 0.12))
    (fp_line (start 4.15 6.05) (end 6.75 3.45) (layer B.SilkS) (width 0.12))
    (fp_line (start 6.75 3.45) (end 6.75 2) (layer B.SilkS) (width 0.12))
    (fp_line (start -7.25 2.15) (end -10.15 2.15) (layer B.CrtYd) (width 0.05))
    (fp_line (start -10.15 2.15) (end -10.15 -2.15) (layer B.CrtYd) (width 0.05))
    (fp_line (start -10.15 -2.15) (end -7.25 -2.15) (layer B.CrtYd) (width 0.05))
    (fp_line (start 7.25 2.15) (end 10.15 2.15) (layer B.CrtYd) (width 0.05))
    (fp_line (start 10.15 2.15) (end 10.15 -2.15) (layer B.CrtYd) (width 0.05))
    (fp_line (start 10.15 -2.15) (end 7.25 -2.15) (layer B.CrtYd) (width 0.05))
    (fp_arc (start -5.25 -4.1) (end -5.3 -5.45) (angle -90) (layer B.Fab) (width 0.1))
    (fp_line (start 6.6 3.4) (end 6.6 -4.1) (layer B.Fab) (width 0.1))
    (fp_line (start -6.6 3.4) (end -6.6 -4.1) (layer B.Fab) (width 0.1))
    (fp_line (start 4 6) (end 6.6 3.4) (layer B.Fab) (width 0.1))
    (fp_line (start -4 6) (end -6.6 3.4) (layer B.Fab) (width 0.1))
    (fp_line (start 4 6.7) (end 4 6) (layer B.Fab) (width 0.1))
    (fp_line (start -4 6.7) (end -4 6) (layer B.Fab) (width 0.1))
    (fp_line (start -4 6.7) (end 4 6.7) (layer B.Fab) (width 0.1))
    (pad 1 smd rect (at -7.9 0 250) (size 3.5 3.3) (layers B.Cu B.Paste B.Mask)
      (net 3 "Net-(BT0-Pad1)"))
    (pad 1 smd rect (at 7.9 0 250) (size 3.5 3.3) (layers B.Cu B.Paste B.Mask)
      (net 3 "Net-(BT0-Pad1)"))
    (pad 2 smd rect (at 0 0 250) (size 4 4) (layers B.Cu B.Mask)
      (net 1 GND))
    (model ${KISYS3DMOD}/Battery.3dshapes/BatteryHolder_Keystone_3000_1x12mm.wrl
      (at (xyz 0 0 0))
      (scale (xyz 1 1 1))
      (rotate (xyz 0 0 0))
    )
  )

  (module Button_Switch_SMD:SW_SPDT_PCM12 (layer B.Cu) (tedit 5A02FC95) (tstamp 5C17024F)
    (at 180.2765 110.49 90)
    (descr "Ultraminiature Surface Mount Slide Switch")
    (path /5C09F8E0)
    (attr smd)
    (fp_text reference SW0 (at -5.2705 1.397 180) (layer B.SilkS)
      (effects (font (size 1 1) (thickness 0.15)) (justify mirror))
    )
    (fp_text value SW_SPDT (at 0 -4.25 90) (layer B.Fab)
      (effects (font (size 1 1) (thickness 0.15)) (justify mirror))
    )
    (fp_text user %R (at 0 3.2 90) (layer B.Fab)
      (effects (font (size 1 1) (thickness 0.15)) (justify mirror))
    )
    (fp_line (start -1.4 -1.65) (end -1.4 -2.95) (layer B.Fab) (width 0.1))
    (fp_line (start -1.4 -2.95) (end -1.2 -3.15) (layer B.Fab) (width 0.1))
    (fp_line (start -1.2 -3.15) (end -0.35 -3.15) (layer B.Fab) (width 0.1))
    (fp_line (start -0.35 -3.15) (end -0.15 -2.95) (layer B.Fab) (width 0.1))
    (fp_line (start -0.15 -2.95) (end -0.1 -2.9) (layer B.Fab) (width 0.1))
    (fp_line (start -0.1 -2.9) (end -0.1 -1.6) (layer B.Fab) (width 0.1))
    (fp_line (start -3.35 1) (end -3.35 -1.6) (layer B.Fab) (width 0.1))
    (fp_line (start -3.35 -1.6) (end 3.35 -1.6) (layer B.Fab) (width 0.1))
    (fp_line (start 3.35 -1.6) (end 3.35 1) (layer B.Fab) (width 0.1))
    (fp_line (start 3.35 1) (end -3.35 1) (layer B.Fab) (width 0.1))
    (fp_line (start 1.4 1.12) (end 1.6 1.12) (layer B.SilkS) (width 0.12))
    (fp_line (start -4.4 2.45) (end 4.4 2.45) (layer B.CrtYd) (width 0.05))
    (fp_line (start 4.4 2.45) (end 4.4 -2.1) (layer B.CrtYd) (width 0.05))
    (fp_line (start 4.4 -2.1) (end 1.65 -2.1) (layer B.CrtYd) (width 0.05))
    (fp_line (start 1.65 -2.1) (end 1.65 -3.4) (layer B.CrtYd) (width 0.05))
    (fp_line (start 1.65 -3.4) (end -1.65 -3.4) (layer B.CrtYd) (width 0.05))
    (fp_line (start -1.65 -3.4) (end -1.65 -2.1) (layer B.CrtYd) (width 0.05))
    (fp_line (start -1.65 -2.1) (end -4.4 -2.1) (layer B.CrtYd) (width 0.05))
    (fp_line (start -4.4 -2.1) (end -4.4 2.45) (layer B.CrtYd) (width 0.05))
    (fp_line (start -1.4 -3.02) (end -1.2 -3.23) (layer B.SilkS) (width 0.12))
    (fp_line (start -0.1 -3.02) (end -0.3 -3.23) (layer B.SilkS) (width 0.12))
    (fp_line (start -1.4 -1.73) (end -1.4 -3.02) (layer B.SilkS) (width 0.12))
    (fp_line (start -1.2 -3.23) (end -0.3 -3.23) (layer B.SilkS) (width 0.12))
    (fp_line (start -0.1 -3.02) (end -0.1 -1.73) (layer B.SilkS) (width 0.12))
    (fp_line (start -2.85 -1.73) (end 2.85 -1.73) (layer B.SilkS) (width 0.12))
    (fp_line (start -1.6 1.12) (end 0.1 1.12) (layer B.SilkS) (width 0.12))
    (fp_line (start -3.45 0.07) (end -3.45 -0.72) (layer B.SilkS) (width 0.12))
    (fp_line (start 3.45 -0.72) (end 3.45 0.07) (layer B.SilkS) (width 0.12))
    (pad "" np_thru_hole circle (at -1.5 -0.33 90) (size 0.9 0.9) (drill 0.9) (layers *.Cu *.Mask))
    (pad "" np_thru_hole circle (at 1.5 -0.33 90) (size 0.9 0.9) (drill 0.9) (layers *.Cu *.Mask))
    (pad 1 smd rect (at -2.25 1.43 90) (size 0.7 1.5) (layers B.Cu B.Paste B.Mask)
      (net 1 GND))
    (pad 2 smd rect (at 0.75 1.43 90) (size 0.7 1.5) (layers B.Cu B.Paste B.Mask)
      (net 2 "Net-(D0-Pad2)"))
    (pad 3 smd rect (at 2.25 1.43 90) (size 0.7 1.5) (layers B.Cu B.Paste B.Mask)
      (net 3 "Net-(BT0-Pad1)"))
    (pad "" smd rect (at -3.65 -1.43 90) (size 1 0.8) (layers B.Cu B.Paste B.Mask))
    (pad "" smd rect (at 3.65 -1.43 90) (size 1 0.8) (layers B.Cu B.Paste B.Mask))
    (pad "" smd rect (at 3.65 0.78 90) (size 1 0.8) (layers B.Cu B.Paste B.Mask))
    (pad "" smd rect (at -3.65 0.78 90) (size 1 0.8) (layers B.Cu B.Paste B.Mask))
    (model ${KISYS3DMOD}/Button_Switch_SMD.3dshapes/SW_SPDT_PCM12.wrl
      (at (xyz 0 0 0))
      (scale (xyz 1 1 1))
      (rotate (xyz 0 0 0))
    )
  )

  (module LED_THT:LED_D5.0mm_FlatTop (layer F.Cu) (tedit 5880A862) (tstamp 5C170B9F)
    (at 188.9125 106.934 270)
    (descr "LED, Round, FlatTop, diameter 5.0mm, 2 pins, http://www.kingbright.com/attachments/file/psearch/000/00/00/L-483GDT(Ver.15B).pdf")
    (tags "LED Round FlatTop diameter 5.0mm 2 pins")
    (path /5C09FDC1)
    (fp_text reference D6 (at 1.5875 -2.286 180) (layer B.SilkS)
      (effects (font (size 1 1) (thickness 0.15)) (justify mirror))
    )
    (fp_text value LED (at 1.27 4.01 270) (layer F.Fab)
      (effects (font (size 1 1) (thickness 0.15)))
    )
    (fp_arc (start 1.27 0) (end -1.23 -1.566046) (angle 295.9) (layer F.Fab) (width 0.1))
    (fp_arc (start 1.27 0) (end -1.29 -1.639512) (angle 147.4) (layer F.SilkS) (width 0.12))
    (fp_arc (start 1.27 0) (end -1.29 1.639512) (angle -147.4) (layer F.SilkS) (width 0.12))
    (fp_circle (center 1.27 0) (end 3.77 0) (layer F.Fab) (width 0.1))
    (fp_circle (center 1.27 0) (end 3.77 0) (layer F.SilkS) (width 0.12))
    (fp_line (start -1.23 -1.566046) (end -1.23 1.566046) (layer F.Fab) (width 0.1))
    (fp_line (start -1.29 -1.64) (end -1.29 1.64) (layer F.SilkS) (width 0.12))
    (fp_line (start -2 -3.3) (end -2 3.3) (layer F.CrtYd) (width 0.05))
    (fp_line (start -2 3.3) (end 4.55 3.3) (layer F.CrtYd) (width 0.05))
    (fp_line (start 4.55 3.3) (end 4.55 -3.3) (layer F.CrtYd) (width 0.05))
    (fp_line (start 4.55 -3.3) (end -2 -3.3) (layer F.CrtYd) (width 0.05))
    (pad 1 thru_hole rect (at 0 0 270) (size 1.8 1.8) (drill 0.9) (layers *.Cu *.Mask)
      (net 1 GND))
    (pad 2 thru_hole circle (at 2.54 0 270) (size 1.8 1.8) (drill 0.9) (layers *.Cu *.Mask)
      (net 2 "Net-(D0-Pad2)"))
    (model ${KISYS3DMOD}/LED_THT.3dshapes/LED_D5.0mm_FlatTop.wrl
      (at (xyz 0 0 0))
      (scale (xyz 1 1 1))
      (rotate (xyz 0 0 0))
    )
  )

  (module LED_THT:LED_D5.0mm_FlatTop (layer F.Cu) (tedit 5880A862) (tstamp 5C170214)
    (at 198.755 110.1725)
    (descr "LED, Round, FlatTop, diameter 5.0mm, 2 pins, http://www.kingbright.com/attachments/file/psearch/000/00/00/L-483GDT(Ver.15B).pdf")
    (tags "LED Round FlatTop diameter 5.0mm 2 pins")
    (path /5C09FD97)
    (fp_text reference D5 (at 1.27 -4.01) (layer B.SilkS)
      (effects (font (size 1 1) (thickness 0.15)) (justify mirror))
    )
    (fp_text value LED (at 1.27 4.01) (layer F.Fab)
      (effects (font (size 1 1) (thickness 0.15)))
    )
    (fp_line (start 4.55 -3.3) (end -2 -3.3) (layer F.CrtYd) (width 0.05))
    (fp_line (start 4.55 3.3) (end 4.55 -3.3) (layer F.CrtYd) (width 0.05))
    (fp_line (start -2 3.3) (end 4.55 3.3) (layer F.CrtYd) (width 0.05))
    (fp_line (start -2 -3.3) (end -2 3.3) (layer F.CrtYd) (width 0.05))
    (fp_line (start -1.29 -1.64) (end -1.29 1.64) (layer F.SilkS) (width 0.12))
    (fp_line (start -1.23 -1.566046) (end -1.23 1.566046) (layer F.Fab) (width 0.1))
    (fp_circle (center 1.27 0) (end 3.77 0) (layer F.SilkS) (width 0.12))
    (fp_circle (center 1.27 0) (end 3.77 0) (layer F.Fab) (width 0.1))
    (fp_arc (start 1.27 0) (end -1.29 1.639512) (angle -147.4) (layer F.SilkS) (width 0.12))
    (fp_arc (start 1.27 0) (end -1.29 -1.639512) (angle 147.4) (layer F.SilkS) (width 0.12))
    (fp_arc (start 1.27 0) (end -1.23 -1.566046) (angle 295.9) (layer F.Fab) (width 0.1))
    (pad 2 thru_hole circle (at 2.54 0) (size 1.8 1.8) (drill 0.9) (layers *.Cu *.Mask)
      (net 2 "Net-(D0-Pad2)"))
    (pad 1 thru_hole rect (at 0 0) (size 1.8 1.8) (drill 0.9) (layers *.Cu *.Mask)
      (net 1 GND))
    (model ${KISYS3DMOD}/LED_THT.3dshapes/LED_D5.0mm_FlatTop.wrl
      (at (xyz 0 0 0))
      (scale (xyz 1 1 1))
      (rotate (xyz 0 0 0))
    )
  )

  (module LED_THT:LED_D5.0mm_FlatTop (layer F.Cu) (tedit 5880A862) (tstamp 5C170203)
    (at 180.2765 100.7745 180)
    (descr "LED, Round, FlatTop, diameter 5.0mm, 2 pins, http://www.kingbright.com/attachments/file/psearch/000/00/00/L-483GDT(Ver.15B).pdf")
    (tags "LED Round FlatTop diameter 5.0mm 2 pins")
    (path /5C09FD67)
    (fp_text reference D4 (at 1.27 -2.032 180) (layer B.SilkS)
      (effects (font (size 1 1) (thickness 0.15)) (justify mirror))
    )
    (fp_text value LED (at 1.27 4.01 180) (layer F.Fab)
      (effects (font (size 1 1) (thickness 0.15)))
    )
    (fp_arc (start 1.27 0) (end -1.23 -1.566046) (angle 295.9) (layer F.Fab) (width 0.1))
    (fp_arc (start 1.27 0) (end -1.29 -1.639512) (angle 147.4) (layer F.SilkS) (width 0.12))
    (fp_arc (start 1.27 0) (end -1.29 1.639512) (angle -147.4) (layer F.SilkS) (width 0.12))
    (fp_circle (center 1.27 0) (end 3.77 0) (layer F.Fab) (width 0.1))
    (fp_circle (center 1.27 0) (end 3.77 0) (layer F.SilkS) (width 0.12))
    (fp_line (start -1.23 -1.566046) (end -1.23 1.566046) (layer F.Fab) (width 0.1))
    (fp_line (start -1.29 -1.64) (end -1.29 1.64) (layer F.SilkS) (width 0.12))
    (fp_line (start -2 -3.3) (end -2 3.3) (layer F.CrtYd) (width 0.05))
    (fp_line (start -2 3.3) (end 4.55 3.3) (layer F.CrtYd) (width 0.05))
    (fp_line (start 4.55 3.3) (end 4.55 -3.3) (layer F.CrtYd) (width 0.05))
    (fp_line (start 4.55 -3.3) (end -2 -3.3) (layer F.CrtYd) (width 0.05))
    (pad 1 thru_hole rect (at 0 0 180) (size 1.8 1.8) (drill 0.9) (layers *.Cu *.Mask)
      (net 1 GND))
    (pad 2 thru_hole circle (at 2.54 0 180) (size 1.8 1.8) (drill 0.9) (layers *.Cu *.Mask)
      (net 2 "Net-(D0-Pad2)"))
    (model ${KISYS3DMOD}/LED_THT.3dshapes/LED_D5.0mm_FlatTop.wrl
      (at (xyz 0 0 0))
      (scale (xyz 1 1 1))
      (rotate (xyz 0 0 0))
    )
  )

  (module LED_THT:LED_D5.0mm_FlatTop (layer F.Cu) (tedit 5C0A10EC) (tstamp 5C1701F2)
    (at 187.0075 90.932 90)
    (descr "LED, Round, FlatTop, diameter 5.0mm, 2 pins, http://www.kingbright.com/attachments/file/psearch/000/00/00/L-483GDT(Ver.15B).pdf")
    (tags "LED Round FlatTop diameter 5.0mm 2 pins")
    (path /5C09FD13)
    (fp_text reference D3 (at 1.27 -2.7305 180) (layer B.SilkS)
      (effects (font (size 1 1) (thickness 0.15)) (justify mirror))
    )
    (fp_text value LED (at 1.27 4.01 90) (layer F.Fab)
      (effects (font (size 1 1) (thickness 0.15)))
    )
    (fp_line (start 4.55 -3.3) (end -2 -3.3) (layer F.CrtYd) (width 0.05))
    (fp_line (start 4.55 3.3) (end 4.55 -3.3) (layer F.CrtYd) (width 0.05))
    (fp_line (start -2 3.3) (end 4.55 3.3) (layer F.CrtYd) (width 0.05))
    (fp_line (start -2 -3.3) (end -2 3.3) (layer F.CrtYd) (width 0.05))
    (fp_line (start -1.29 -1.64) (end -1.29 1.64) (layer F.SilkS) (width 0.12))
    (fp_line (start -1.23 -1.566046) (end -1.23 1.566046) (layer F.Fab) (width 0.1))
    (fp_circle (center 1.27 0) (end 3.77 0) (layer F.SilkS) (width 0.12))
    (fp_circle (center 1.27 0) (end 3.77 0) (layer F.Fab) (width 0.1))
    (fp_arc (start 1.27 0) (end -1.29 1.639512) (angle -147.4) (layer F.SilkS) (width 0.12))
    (fp_arc (start 1.27 0) (end -1.29 -1.639512) (angle 147.4) (layer F.SilkS) (width 0.12))
    (fp_arc (start 1.27 0) (end -1.23 -1.566046) (angle 295.9) (layer F.Fab) (width 0.1))
    (pad 2 thru_hole circle (at 2.54 0 90) (size 1.8 1.8) (drill 0.9) (layers *.Cu *.Mask)
      (net 2 "Net-(D0-Pad2)"))
    (pad 1 thru_hole rect (at 0 0 90) (size 1.8 1.8) (drill 0.9) (layers *.Cu *.Mask)
      (net 1 GND))
    (model ${KISYS3DMOD}/LED_THT.3dshapes/LED_D5.0mm_FlatTop.wrl
      (at (xyz 0 0 0))
      (scale (xyz 1 1 1))
      (rotate (xyz 0 0 0))
    )
  )

  (module LED_THT:LED_D5.0mm_FlatTop (layer F.Cu) (tedit 5880A862) (tstamp 5C1701E1)
    (at 191.9605 118.237 270)
    (descr "LED, Round, FlatTop, diameter 5.0mm, 2 pins, http://www.kingbright.com/attachments/file/psearch/000/00/00/L-483GDT(Ver.15B).pdf")
    (tags "LED Round FlatTop diameter 5.0mm 2 pins")
    (path /5C09FCE5)
    (fp_text reference D2 (at -2.2225 0) (layer B.SilkS)
      (effects (font (size 1 1) (thickness 0.15)) (justify mirror))
    )
    (fp_text value LED (at 1.27 4.01 270) (layer F.Fab)
      (effects (font (size 1 1) (thickness 0.15)))
    )
    (fp_arc (start 1.27 0) (end -1.23 -1.566046) (angle 295.9) (layer F.Fab) (width 0.1))
    (fp_arc (start 1.27 0) (end -1.29 -1.639512) (angle 147.4) (layer F.SilkS) (width 0.12))
    (fp_arc (start 1.27 0) (end -1.29 1.639512) (angle -147.4) (layer F.SilkS) (width 0.12))
    (fp_circle (center 1.27 0) (end 3.77 0) (layer F.Fab) (width 0.1))
    (fp_circle (center 1.27 0) (end 3.77 0) (layer F.SilkS) (width 0.12))
    (fp_line (start -1.23 -1.566046) (end -1.23 1.566046) (layer F.Fab) (width 0.1))
    (fp_line (start -1.29 -1.64) (end -1.29 1.64) (layer F.SilkS) (width 0.12))
    (fp_line (start -2 -3.3) (end -2 3.3) (layer F.CrtYd) (width 0.05))
    (fp_line (start -2 3.3) (end 4.55 3.3) (layer F.CrtYd) (width 0.05))
    (fp_line (start 4.55 3.3) (end 4.55 -3.3) (layer F.CrtYd) (width 0.05))
    (fp_line (start 4.55 -3.3) (end -2 -3.3) (layer F.CrtYd) (width 0.05))
    (pad 1 thru_hole rect (at 0 0 270) (size 1.8 1.8) (drill 0.9) (layers *.Cu *.Mask)
      (net 1 GND))
    (pad 2 thru_hole circle (at 2.54 0 270) (size 1.8 1.8) (drill 0.9) (layers *.Cu *.Mask)
      (net 2 "Net-(D0-Pad2)"))
    (model ${KISYS3DMOD}/LED_THT.3dshapes/LED_D5.0mm_FlatTop.wrl
      (at (xyz 0 0 0))
      (scale (xyz 1 1 1))
      (rotate (xyz 0 0 0))
    )
  )

  (module LED_THT:LED_D5.0mm_FlatTop (layer F.Cu) (tedit 5880A862) (tstamp 5C170AA8)
    (at 177.038 92.0115 180)
    (descr "LED, Round, FlatTop, diameter 5.0mm, 2 pins, http://www.kingbright.com/attachments/file/psearch/000/00/00/L-483GDT(Ver.15B).pdf")
    (tags "LED Round FlatTop diameter 5.0mm 2 pins")
    (path /5C09FCC5)
    (fp_text reference D1 (at 1.27 -2.3495 180) (layer B.SilkS)
      (effects (font (size 1 1) (thickness 0.15)) (justify mirror))
    )
    (fp_text value LED (at 1.27 4.01 180) (layer F.Fab)
      (effects (font (size 1 1) (thickness 0.15)))
    )
    (fp_line (start 4.55 -3.3) (end -2 -3.3) (layer F.CrtYd) (width 0.05))
    (fp_line (start 4.55 3.3) (end 4.55 -3.3) (layer F.CrtYd) (width 0.05))
    (fp_line (start -2 3.3) (end 4.55 3.3) (layer F.CrtYd) (width 0.05))
    (fp_line (start -2 -3.3) (end -2 3.3) (layer F.CrtYd) (width 0.05))
    (fp_line (start -1.29 -1.64) (end -1.29 1.64) (layer F.SilkS) (width 0.12))
    (fp_line (start -1.23 -1.566046) (end -1.23 1.566046) (layer F.Fab) (width 0.1))
    (fp_circle (center 1.27 0) (end 3.77 0) (layer F.SilkS) (width 0.12))
    (fp_circle (center 1.27 0) (end 3.77 0) (layer F.Fab) (width 0.1))
    (fp_arc (start 1.27 0) (end -1.29 1.639512) (angle -147.4) (layer F.SilkS) (width 0.12))
    (fp_arc (start 1.27 0) (end -1.29 -1.639512) (angle 147.4) (layer F.SilkS) (width 0.12))
    (fp_arc (start 1.27 0) (end -1.23 -1.566046) (angle 295.9) (layer F.Fab) (width 0.1))
    (pad 2 thru_hole circle (at 2.54 0 180) (size 1.8 1.8) (drill 0.9) (layers *.Cu *.Mask)
      (net 2 "Net-(D0-Pad2)"))
    (pad 1 thru_hole rect (at 0 0 180) (size 1.8 1.8) (drill 0.9) (layers *.Cu *.Mask)
      (net 1 GND))
    (model ${KISYS3DMOD}/LED_THT.3dshapes/LED_D5.0mm_FlatTop.wrl
      (at (xyz 0 0 0))
      (scale (xyz 1 1 1))
      (rotate (xyz 0 0 0))
    )
  )

  (module LED_THT:LED_D5.0mm_FlatTop (layer F.Cu) (tedit 5880A862) (tstamp 5C1709B0)
    (at 205.359 92.0115)
    (descr "LED, Round, FlatTop, diameter 5.0mm, 2 pins, http://www.kingbright.com/attachments/file/psearch/000/00/00/L-483GDT(Ver.15B).pdf")
    (tags "LED Round FlatTop diameter 5.0mm 2 pins")
    (path /5C09F7CB)
    (fp_text reference D0 (at 1.27 1.9685) (layer B.SilkS)
      (effects (font (size 1 1) (thickness 0.15)) (justify mirror))
    )
    (fp_text value LED (at 1.27 4.01) (layer F.Fab)
      (effects (font (size 1 1) (thickness 0.15)))
    )
    (fp_arc (start 1.27 0) (end -1.23 -1.566046) (angle 295.9) (layer F.Fab) (width 0.1))
    (fp_arc (start 1.27 0) (end -1.29 -1.639512) (angle 147.4) (layer F.SilkS) (width 0.12))
    (fp_arc (start 1.27 0) (end -1.29 1.639512) (angle -147.4) (layer F.SilkS) (width 0.12))
    (fp_circle (center 1.27 0) (end 3.77 0) (layer F.Fab) (width 0.1))
    (fp_circle (center 1.27 0) (end 3.77 0) (layer F.SilkS) (width 0.12))
    (fp_line (start -1.23 -1.566046) (end -1.23 1.566046) (layer F.Fab) (width 0.1))
    (fp_line (start -1.29 -1.64) (end -1.29 1.64) (layer F.SilkS) (width 0.12))
    (fp_line (start -2 -3.3) (end -2 3.3) (layer F.CrtYd) (width 0.05))
    (fp_line (start -2 3.3) (end 4.55 3.3) (layer F.CrtYd) (width 0.05))
    (fp_line (start 4.55 3.3) (end 4.55 -3.3) (layer F.CrtYd) (width 0.05))
    (fp_line (start 4.55 -3.3) (end -2 -3.3) (layer F.CrtYd) (width 0.05))
    (pad 1 thru_hole rect (at 0 0) (size 1.8 1.8) (drill 0.9) (layers *.Cu *.Mask)
      (net 1 GND))
    (pad 2 thru_hole circle (at 2.54 0) (size 1.8 1.8) (drill 0.9) (layers *.Cu *.Mask)
      (net 2 "Net-(D0-Pad2)"))
    (model ${KISYS3DMOD}/LED_THT.3dshapes/LED_D5.0mm_FlatTop.wrl
      (at (xyz 0 0 0))
      (scale (xyz 1 1 1))
      (rotate (xyz 0 0 0))
    )
  )

  (module Logos:DPS (layer F.Cu) (tedit 0) (tstamp 5C234D07)
    (at 191.1985 102.108)
    (fp_text reference G*** (at 0 0) (layer F.SilkS) hide
      (effects (font (size 1.524 1.524) (thickness 0.3)))
    )
    (fp_text value LOGO (at 0.75 0) (layer F.SilkS) hide
      (effects (font (size 1.524 1.524) (thickness 0.3)))
    )
    (fp_poly (pts (xy 0.387264 -20.481979) (xy 0.899652 -20.463335) (xy 1.428914 -20.434974) (xy 1.942599 -20.399345)
      (xy 2.408254 -20.358895) (xy 2.793428 -20.316071) (xy 3.065668 -20.273319) (xy 3.175 -20.243318)
      (xy 3.326847 -20.198892) (xy 3.602442 -20.138301) (xy 3.958093 -20.07062) (xy 4.233333 -20.023548)
      (xy 4.608375 -19.957173) (xy 4.923482 -19.891674) (xy 5.139432 -19.835781) (xy 5.212438 -19.805653)
      (xy 5.337859 -19.749271) (xy 5.57451 -19.675274) (xy 5.831062 -19.609412) (xy 6.122787 -19.533228)
      (xy 6.353286 -19.458297) (xy 6.460623 -19.407978) (xy 6.593721 -19.341423) (xy 6.830019 -19.252408)
      (xy 7.027333 -19.188377) (xy 7.387901 -19.064108) (xy 7.766276 -18.911861) (xy 7.916333 -18.843691)
      (xy 8.19762 -18.710771) (xy 8.449132 -18.595428) (xy 8.551333 -18.550468) (xy 8.725225 -18.46531)
      (xy 8.99226 -18.322091) (xy 9.299929 -18.149114) (xy 9.355667 -18.116947) (xy 9.653551 -17.948706)
      (xy 9.90921 -17.812231) (xy 10.076139 -17.732159) (xy 10.0965 -17.724505) (xy 10.221544 -17.648423)
      (xy 10.244667 -17.600792) (xy 10.310965 -17.530065) (xy 10.342806 -17.526001) (xy 10.456594 -17.477999)
      (xy 10.658182 -17.352512) (xy 10.889507 -17.187334) (xy 11.129559 -17.014524) (xy 11.320396 -16.892493)
      (xy 11.417309 -16.848667) (xy 11.513134 -16.781199) (xy 11.545284 -16.721667) (xy 11.641389 -16.60934)
      (xy 11.69312 -16.594667) (xy 11.800114 -16.539144) (xy 12.003859 -16.386605) (xy 12.281321 -16.158095)
      (xy 12.609469 -15.87466) (xy 12.96527 -15.557345) (xy 13.325693 -15.227197) (xy 13.667703 -14.905261)
      (xy 13.96827 -14.612581) (xy 14.204361 -14.370204) (xy 14.352944 -14.199176) (xy 14.393333 -14.127374)
      (xy 14.318689 -14.078732) (xy 14.131967 -14.026976) (xy 14.052989 -14.01205) (xy 13.805109 -13.946636)
      (xy 13.619394 -13.856962) (xy 13.59337 -13.835275) (xy 13.454561 -13.73547) (xy 13.388207 -13.716)
      (xy 13.290198 -13.661912) (xy 13.10482 -13.518004) (xy 12.866771 -13.311818) (xy 12.786563 -13.238502)
      (xy 12.270808 -12.761004) (xy 11.575237 -13.411642) (xy 11.270131 -13.697652) (xy 10.98951 -13.961802)
      (xy 10.769377 -14.170141) (xy 10.664812 -14.270141) (xy 10.506114 -14.408907) (xy 10.398653 -14.476677)
      (xy 10.390591 -14.478) (xy 10.298112 -14.525112) (xy 10.110201 -14.649165) (xy 9.865937 -14.82424)
      (xy 9.843445 -14.840928) (xy 9.51642 -15.07432) (xy 9.166914 -15.307531) (xy 8.828276 -15.520177)
      (xy 8.533852 -15.691872) (xy 8.316989 -15.802233) (xy 8.221072 -15.832667) (xy 8.132057 -15.87945)
      (xy 8.128 -15.898695) (xy 8.055906 -15.963416) (xy 7.870566 -16.05931) (xy 7.704667 -16.129)
      (xy 7.469276 -16.229614) (xy 7.315575 -16.313092) (xy 7.281333 -16.347803) (xy 7.209095 -16.405403)
      (xy 7.024368 -16.492955) (xy 6.879167 -16.549952) (xy 6.55564 -16.675332) (xy 6.230173 -16.811384)
      (xy 6.138333 -16.852313) (xy 5.838258 -16.967796) (xy 5.532485 -17.054195) (xy 5.482167 -17.064282)
      (xy 5.278694 -17.11482) (xy 5.170198 -17.168781) (xy 5.164667 -17.180791) (xy 5.087977 -17.224204)
      (xy 4.883484 -17.288709) (xy 4.589549 -17.362802) (xy 4.466167 -17.390265) (xy 4.121516 -17.468691)
      (xy 3.825018 -17.543914) (xy 3.628369 -17.602594) (xy 3.598333 -17.614202) (xy 3.301318 -17.701257)
      (xy 2.862415 -17.7733) (xy 2.3084 -17.830329) (xy 1.666052 -17.872346) (xy 0.962148 -17.89935)
      (xy 0.223466 -17.911342) (xy -0.523217 -17.908321) (xy -1.251123 -17.890288) (xy -1.933473 -17.857241)
      (xy -2.543491 -17.809183) (xy -3.054399 -17.746111) (xy -3.439419 -17.668027) (xy -3.598333 -17.614202)
      (xy -3.757911 -17.562517) (xy -4.031758 -17.490567) (xy -4.368176 -17.411693) (xy -4.466167 -17.390265)
      (xy -4.783413 -17.315541) (xy -5.025371 -17.246159) (xy -5.153679 -17.193624) (xy -5.164667 -17.180791)
      (xy -5.238913 -17.129419) (xy -5.423181 -17.075947) (xy -5.482167 -17.064282) (xy -5.774463 -16.989292)
      (xy -6.086651 -16.87807) (xy -6.138333 -16.855866) (xy -6.439375 -16.724111) (xy -6.772114 -16.58213)
      (xy -6.858 -16.546178) (xy -7.088846 -16.443812) (xy -7.246499 -16.362135) (xy -7.281333 -16.336764)
      (xy -7.378321 -16.278103) (xy -7.579565 -16.18422) (xy -7.725516 -16.122761) (xy -7.953715 -16.018865)
      (xy -8.099464 -15.930842) (xy -8.127683 -15.896167) (xy -8.194024 -15.835415) (xy -8.221072 -15.832667)
      (xy -8.350642 -15.786947) (xy -8.584791 -15.663377) (xy -8.890172 -15.482341) (xy -9.233437 -15.264224)
      (xy -9.58124 -15.029411) (xy -9.843446 -14.840928) (xy -10.094428 -14.662135) (xy -10.296728 -14.532532)
      (xy -10.409263 -14.4783) (xy -10.412994 -14.478) (xy -10.513267 -14.414104) (xy -10.633453 -14.266334)
      (xy -10.762646 -14.114718) (xy -10.870357 -14.054667) (xy -10.967369 -13.997788) (xy -11.152448 -13.84407)
      (xy -11.396456 -13.618893) (xy -11.599333 -13.419667) (xy -11.862265 -13.159264) (xy -12.080375 -12.951303)
      (xy -12.22708 -12.82064) (xy -12.274548 -12.788333) (xy -12.354381 -12.842862) (xy -12.524243 -12.983472)
      (xy -12.749663 -13.181465) (xy -12.784667 -13.21301) (xy -13.039867 -13.427682) (xy -13.272225 -13.595525)
      (xy -13.433894 -13.682181) (xy -13.440833 -13.68419) (xy -13.588882 -13.747816) (xy -13.631333 -13.800501)
      (xy -13.704852 -13.861148) (xy -13.891449 -13.940013) (xy -14.012333 -13.979139) (xy -14.236426 -14.054998)
      (xy -14.373387 -14.120043) (xy -14.393333 -14.14197) (xy -14.334959 -14.220381) (xy -14.175531 -14.390713)
      (xy -13.938594 -14.630211) (xy -13.64769 -14.916126) (xy -13.326363 -15.225705) (xy -12.998156 -15.536196)
      (xy -12.686613 -15.824847) (xy -12.415277 -16.068907) (xy -12.267539 -16.196287) (xy -12.023403 -16.391028)
      (xy -11.822519 -16.532955) (xy -11.704836 -16.594077) (xy -11.699018 -16.594667) (xy -11.589186 -16.661069)
      (xy -11.514667 -16.764) (xy -11.407005 -16.898178) (xy -11.332531 -16.933334) (xy -11.219293 -16.980285)
      (xy -11.020508 -17.101819) (xy -10.837333 -17.229667) (xy -10.606256 -17.389139) (xy -10.423893 -17.496716)
      (xy -10.346212 -17.526001) (xy -10.2387 -17.591305) (xy -10.230556 -17.609253) (xy -10.175622 -17.673389)
      (xy -10.034784 -17.770389) (xy -9.792523 -17.908947) (xy -9.433318 -18.097755) (xy -8.941653 -18.345506)
      (xy -8.720667 -18.455035) (xy -8.379342 -18.623817) (xy -8.073625 -18.775299) (xy -7.850801 -18.886037)
      (xy -7.789333 -18.916751) (xy -7.593297 -18.998647) (xy -7.305852 -19.100293) (xy -7.069667 -19.175126)
      (xy -6.785291 -19.26781) (xy -6.561066 -19.354463) (xy -6.460624 -19.406704) (xy -6.328985 -19.466646)
      (xy -6.08745 -19.543207) (xy -5.831062 -19.609412) (xy -5.54164 -19.684628) (xy -5.315597 -19.757407)
      (xy -5.212438 -19.805653) (xy -5.095498 -19.848766) (xy -4.850275 -19.907966) (xy -4.515992 -19.974525)
      (xy -4.233333 -20.023548) (xy -3.847504 -20.090706) (xy -3.510917 -20.157055) (xy -3.267263 -20.213553)
      (xy -3.175 -20.242571) (xy -3.000462 -20.285987) (xy -2.689916 -20.33097) (xy -2.276638 -20.374882)
      (xy -1.793902 -20.415082) (xy -1.274983 -20.448931) (xy -0.753153 -20.473787) (xy -0.261689 -20.487012)
      (xy -0.075795 -20.48846) (xy 0.387264 -20.481979)) (layer F.SilkS) (width 0.01))
    (fp_poly (pts (xy 15.611879 -13.064558) (xy 15.98554 -13.028184) (xy 16.283039 -12.964209) (xy 16.383 -12.923291)
      (xy 16.58462 -12.828672) (xy 16.729823 -12.785451) (xy 16.73601 -12.785189) (xy 16.842789 -12.731168)
      (xy 17.033242 -12.58906) (xy 17.268819 -12.387974) (xy 17.302259 -12.357638) (xy 17.785359 -11.820716)
      (xy 18.106106 -11.239476) (xy 18.266857 -10.608907) (xy 18.288 -10.260358) (xy 18.272512 -9.894126)
      (xy 18.231166 -9.535488) (xy 18.171639 -9.223179) (xy 18.101605 -8.995934) (xy 18.028741 -8.892489)
      (xy 18.01644 -8.89) (xy 17.955624 -8.821827) (xy 17.949333 -8.772158) (xy 17.891847 -8.641055)
      (xy 17.74361 -8.438251) (xy 17.540953 -8.203951) (xy 17.320209 -7.978362) (xy 17.11771 -7.80169)
      (xy 17.006503 -7.728772) (xy 16.568194 -7.521499) (xy 16.222653 -7.389168) (xy 15.918678 -7.317574)
      (xy 15.60507 -7.292515) (xy 15.435145 -7.292864) (xy 15.105726 -7.304572) (xy 14.817055 -7.323691)
      (xy 14.647333 -7.343733) (xy 14.470817 -7.393271) (xy 14.393333 -7.438036) (xy 14.297536 -7.506973)
      (xy 14.106539 -7.615488) (xy 14.016333 -7.662334) (xy 13.572205 -7.96245) (xy 13.178608 -8.369136)
      (xy 12.870405 -8.836763) (xy 12.682456 -9.319705) (xy 12.65788 -9.440334) (xy 12.59854 -9.711417)
      (xy 12.523263 -9.940787) (xy 12.510266 -9.9695) (xy 12.462273 -10.200453) (xy 12.510554 -10.3505)
      (xy 12.579754 -10.553572) (xy 12.64008 -10.830933) (xy 12.654288 -10.924758) (xy 12.73074 -11.237949)
      (xy 12.857272 -11.535623) (xy 12.892927 -11.595282) (xy 13.038899 -11.821248) (xy 13.157578 -12.010569)
      (xy 13.17305 -12.036173) (xy 13.299425 -12.184008) (xy 13.498313 -12.358726) (xy 13.55405 -12.400888)
      (xy 13.737773 -12.527196) (xy 13.93979 -12.646164) (xy 14.203775 -12.781381) (xy 14.573399 -12.956437)
      (xy 14.63781 -12.986274) (xy 14.877625 -13.045782) (xy 15.222444 -13.07115) (xy 15.611879 -13.064558)) (layer F.SilkS) (width 0.01))
    (fp_poly (pts (xy -15.204968 -13.063638) (xy -14.922734 -13.037635) (xy -14.741014 -12.994406) (xy -14.716444 -12.980058)
      (xy -14.563306 -12.895252) (xy -14.336473 -12.805297) (xy -14.307102 -12.795604) (xy -14.070934 -12.680472)
      (xy -13.788905 -12.487578) (xy -13.504677 -12.253995) (xy -13.261913 -12.016799) (xy -13.104275 -11.813063)
      (xy -13.074844 -11.749269) (xy -12.978919 -11.549692) (xy -12.906488 -11.455059) (xy -12.779166 -11.232098)
      (xy -12.693282 -10.88488) (xy -12.650892 -10.453837) (xy -12.654053 -9.979401) (xy -12.704822 -9.502007)
      (xy -12.787764 -9.121193) (xy -12.90642 -8.875892) (xy -13.122581 -8.571372) (xy -13.397995 -8.24963)
      (xy -13.694414 -7.952662) (xy -13.973585 -7.722465) (xy -14.160661 -7.613846) (xy -14.362731 -7.515575)
      (xy -14.487876 -7.42463) (xy -14.493507 -7.417301) (xy -14.598492 -7.377318) (xy -14.831951 -7.341015)
      (xy -15.153034 -7.313806) (xy -15.340174 -7.305078) (xy -15.728208 -7.296594) (xy -16.002328 -7.308811)
      (xy -16.217555 -7.350815) (xy -16.428911 -7.431695) (xy -16.5966 -7.512585) (xy -17.076736 -7.778887)
      (xy -17.439631 -8.048013) (xy -17.733318 -8.359639) (xy -17.900251 -8.58941) (xy -18.186628 -9.164273)
      (xy -18.335773 -9.816467) (xy -18.344744 -10.520173) (xy -18.210596 -11.24957) (xy -18.20553 -11.267399)
      (xy -18.062566 -11.567136) (xy -17.813755 -11.906147) (xy -17.500906 -12.240818) (xy -17.165828 -12.52753)
      (xy -16.850333 -12.722668) (xy -16.783995 -12.750358) (xy -16.525946 -12.854697) (xy -16.324208 -12.952111)
      (xy -16.264917 -12.989113) (xy -16.11769 -13.035153) (xy -15.856152 -13.062711) (xy -15.53401 -13.072101)
      (xy -15.204968 -13.063638)) (layer F.SilkS) (width 0.01))
    (fp_poly (pts (xy -3.841684 -15.386455) (xy -3.453568 -15.352402) (xy -3.158433 -15.291558) (xy -2.880002 -15.182172)
      (xy -2.590181 -15.029579) (xy -2.293935 -14.847024) (xy -2.042864 -14.662168) (xy -1.887909 -14.51281)
      (xy -1.881163 -14.503488) (xy -1.721694 -14.290039) (xy -1.592583 -14.136351) (xy -1.461358 -13.929196)
      (xy -1.332725 -13.626429) (xy -1.232388 -13.300189) (xy -1.186051 -13.022613) (xy -1.185333 -12.993375)
      (xy -1.155977 -12.835681) (xy -1.100667 -12.784667) (xy -1.046355 -12.71209) (xy -1.020342 -12.537956)
      (xy -1.022626 -12.327661) (xy -1.05321 -12.146598) (xy -1.100667 -12.065) (xy -1.169391 -11.946935)
      (xy -1.186608 -11.82717) (xy -1.229471 -11.556023) (xy -1.333855 -11.237253) (xy -1.467944 -10.959889)
      (xy -1.526637 -10.875734) (xy -1.6019 -10.750701) (xy -1.548229 -10.690563) (xy -1.545167 -10.68951)
      (xy -1.446028 -10.593438) (xy -1.438434 -10.555112) (xy -1.388407 -10.44142) (xy -1.258939 -10.243405)
      (xy -1.100667 -10.033) (xy -0.925251 -9.798497) (xy -0.803076 -9.608317) (xy -0.7629 -9.512892)
      (xy -0.694142 -9.401202) (xy -0.635 -9.367383) (xy -0.522782 -9.276466) (xy -0.508 -9.228897)
      (xy -0.459119 -9.12352) (xy -0.329567 -8.924992) (xy -0.144981 -8.671964) (xy -0.098449 -8.611426)
      (xy 0.114052 -8.329128) (xy 0.29659 -8.071533) (xy 0.413625 -7.889025) (xy 0.422398 -7.87302)
      (xy 0.531395 -7.698666) (xy 0.707726 -7.448478) (xy 0.901847 -7.191398) (xy 1.085092 -6.943206)
      (xy 1.216947 -6.73832) (xy 1.269911 -6.619628) (xy 1.27 -6.617241) (xy 1.337987 -6.499715)
      (xy 1.396514 -6.465471) (xy 1.485526 -6.390316) (xy 1.482112 -6.350722) (xy 1.503488 -6.250289)
      (xy 1.567265 -6.179893) (xy 1.701138 -6.118839) (xy 1.825871 -6.185263) (xy 1.974382 -6.23789)
      (xy 2.242508 -6.275192) (xy 2.58116 -6.29641) (xy 2.941251 -6.300788) (xy 3.27369 -6.287567)
      (xy 3.52939 -6.255991) (xy 3.650687 -6.213423) (xy 3.798357 -6.138469) (xy 4.04068 -6.051483)
      (xy 4.177541 -6.01131) (xy 4.422962 -5.925904) (xy 4.591627 -5.831919) (xy 4.631099 -5.786506)
      (xy 4.743528 -5.682815) (xy 4.798222 -5.672667) (xy 4.949018 -5.605724) (xy 5.159856 -5.426418)
      (xy 5.40274 -5.167029) (xy 5.64967 -4.859841) (xy 5.872649 -4.537135) (xy 6.037885 -4.243328)
      (xy 6.155466 -3.988735) (xy 6.232813 -3.776785) (xy 6.278304 -3.559828) (xy 6.300321 -3.290216)
      (xy 6.307244 -2.920301) (xy 6.307667 -2.709334) (xy 6.30475 -2.278629) (xy 6.290464 -1.969703)
      (xy 6.256507 -1.73503) (xy 6.194575 -1.527083) (xy 6.096366 -1.298336) (xy 6.040733 -1.181367)
      (xy 5.889818 -0.890497) (xy 5.746771 -0.6526) (xy 5.641626 -0.517454) (xy 5.638567 -0.514834)
